Problem name: WALL20
Number of variables: 5924
Number of constraints: 0
Upper Objective Bound: [1.e+20 1.e+20 1.e+20 ... 1.e+20 1.e+20 1.e+20]
Lower Objective Bound: [ 0.e+00  0.e+00  0.e+00 ... -1.e+20 -1.e+20 -1.e+20]
Initial guess: [0. 0. 0. ... 0. 0. 0.]
Objective Value (initial guess): 296128.84640000004
Gradient (initial guess): [ 0.  0.  0. ...  0. -1. -1.]
Hessian (initial guess): [[ 4.32692308e+01  3.84615385e+00 -1.53846154e+01 ...  0.00000000e+00
   0.00000000e+00  0.00000000e+00]
 [ 3.84615385e+00  4.32692308e+01 -1.53846154e+01 ...  0.00000000e+00
   0.00000000e+00  0.00000000e+00]
 [-1.53846154e+01 -1.53846154e+01  1.15384615e+02 ...  0.00000000e+00
   0.00000000e+00  0.00000000e+00]
 ...
 [ 0.00000000e+00  0.00000000e+00  0.00000000e+00 ...  4.61538462e+04
   1.07692308e+04 -1.07692308e+04]
 [ 0.00000000e+00  0.00000000e+00  0.00000000e+00 ...  1.07692308e+04
   9.23076924e+04 -1.23076923e+04]
 [ 0.00000000e+00  0.00000000e+00  0.00000000e+00 ... -1.07692308e+04
  -1.23076923e+04  4.61538462e+04]]
Solution: [ 0.01212149  0.00578034  0.         ... -0.00079831  0.00111098
  0.00106826]
Solver Message: STOP: TOTAL NO. OF F,G EVALUATIONS EXCEEDS LIMIT







Problem name: TORSION3
Number of variables: 5184
Number of constraints: 0
Upper Objective Bound: [0.01369863 0.01369863 0.01369863 ... 0.01369863 0.01369863 0.01369863]
Lower Objective Bound: [-0.01369863 -0.01369863 -0.01369863 ... -0.01369863 -0.01369863
 -0.01369863]
Initial guess: [0.01369863 0.01369863 0.01369863 ... 0.01369863 0.01369863 0.01369863]
Objective Value (initial guess): -1.179958719585516
Gradient (initial guess): [ 0.01182211 -0.00872584 -0.00872584 ... -0.00872584 -0.00872584
  0.01182211]
Hessian (initial guess): [[ 3.  -1.   0.  ...  0.   0.   0. ]
 [-1.   3.5 -1.  ...  0.   0.   0. ]
 [ 0.  -1.   3.5 ...  0.   0.   0. ]
 ...
 [ 0.   0.   0.  ...  3.5 -1.   0. ]
 [ 0.   0.   0.  ... -1.   3.5 -1. ]
 [ 0.   0.   0.  ...  0.  -1.   3. ]]
Solution: [0.00798683 0.01104409 0.01313214 ... 0.01313214 0.01104409 0.00798683]
Solver Message: CONVERGENCE: NORM OF PROJECTED GRADIENT <= PGTOL







Problem name: TORSIONE
Number of variables: 5184
Number of constraints: 0
Upper Objective Bound: [0.01369863 0.01369863 0.01369863 ... 0.01369863 0.01369863 0.01369863]
Lower Objective Bound: [-0.01369863 -0.01369863 -0.01369863 ... -0.01369863 -0.01369863
 -0.01369863]
Initial guess: [0.01369863 0.01369863 0.01369863 ... 0.01369863 0.01369863 0.01369863]
Objective Value (initial guess): -2.8328016489265786
Gradient (initial guess): [ 0.02364421 -0.00375305 -0.00375305 ... -0.00375305 -0.00375305
  0.02364421]
Hessian (initial guess): [[ 4. -1.  0. ...  0.  0.  0.]
 [-1.  4. -1. ...  0.  0.  0.]
 [ 0. -1.  4. ...  0.  0.  0.]
 ...
 [ 0.  0.  0. ...  4. -1.  0.]
 [ 0.  0.  0. ... -1.  4. -1.]
 [ 0.  0.  0. ...  0. -1.  4.]]
Solution: [0.00573571 0.00959305 0.01222585 ... 0.01222585 0.00959305 0.00573571]
Solver Message: CONVERGENCE: RELATIVE REDUCTION OF F <= FACTR*EPSMCH







Problem name: SINEALI
Number of variables: 1000
Number of constraints: 0
Upper Objective Bound: [1.57079633 1.77245385 1.82845568 1.84370605 1.84783722 1.84895472
 1.84925689 1.84933859 1.84936068 1.84936665 1.84936826 1.8493687
 1.84936882 1.84936885 1.84936886 1.84936886 1.84936886 1.84936886
 1.84936886 1.84936886 1.84936886 1.84936886 1.84936886 1.84936886
 1.84936886 1.84936886 1.84936886 1.84936886 1.84936886 1.84936886
 1.84936886 1.84936886 1.84936886 1.84936886 1.84936886 1.84936886
 1.84936886 1.84936886 1.84936886 1.84936886 1.84936886 1.84936886
 1.84936886 1.84936886 1.84936886 1.84936886 1.84936886 1.84936886
 1.84936886 1.84936886 1.84936886 1.84936886 1.84936886 1.84936886
 1.84936886 1.84936886 1.84936886 1.84936886 1.84936886 1.84936886
 1.84936886 1.84936886 1.84936886 1.84936886 1.84936886 1.84936886
 1.84936886 1.84936886 1.84936886 1.84936886 1.84936886 1.84936886
 1.84936886 1.84936886 1.84936886 1.84936886 1.84936886 1.84936886
 1.84936886 1.84936886 1.84936886 1.84936886 1.84936886 1.84936886
 1.84936886 1.84936886 1.84936886 1.84936886 1.84936886 1.84936886
 1.84936886 1.84936886 1.84936886 1.84936886 1.84936886 1.84936886
 1.84936886 1.84936886 1.84936886 1.84936886 1.84936886 1.84936886
 1.84936886 1.84936886 1.84936886 1.84936886 1.84936886 1.84936886
 1.84936886 1.84936886 1.84936886 1.84936886 1.84936886 1.84936886
 1.84936886 1.84936886 1.84936886 1.84936886 1.84936886 1.84936886
 1.84936886 1.84936886 1.84936886 1.84936886 1.84936886 1.84936886
 1.84936886 1.84936886 1.84936886 1.84936886 1.84936886 1.84936886
 1.84936886 1.84936886 1.84936886 1.84936886 1.84936886 1.84936886
 1.84936886 1.84936886 1.84936886 1.84936886 1.84936886 1.84936886
 1.84936886 1.84936886 1.84936886 1.84936886 1.84936886 1.84936886
 1.84936886 1.84936886 1.84936886 1.84936886 1.84936886 1.84936886
 1.84936886 1.84936886 1.84936886 1.84936886 1.84936886 1.84936886
 1.84936886 1.84936886 1.84936886 1.84936886 1.84936886 1.84936886
 1.84936886 1.84936886 1.84936886 1.84936886 1.84936886 1.84936886
 1.84936886 1.84936886 1.84936886 1.84936886 1.84936886 1.84936886
 1.84936886 1.84936886 1.84936886 1.84936886 1.84936886 1.84936886
 1.84936886 1.84936886 1.84936886 1.84936886 1.84936886 1.84936886
 1.84936886 1.84936886 1.84936886 1.84936886 1.84936886 1.84936886
 1.84936886 1.84936886 1.84936886 1.84936886 1.84936886 1.84936886
 1.84936886 1.84936886 1.84936886 1.84936886 1.84936886 1.84936886
 1.84936886 1.84936886 1.84936886 1.84936886 1.84936886 1.84936886
 1.84936886 1.84936886 1.84936886 1.84936886 1.84936886 1.84936886
 1.84936886 1.84936886 1.84936886 1.84936886 1.84936886 1.84936886
 1.84936886 1.84936886 1.84936886 1.84936886 1.84936886 1.84936886
 1.84936886 1.84936886 1.84936886 1.84936886 1.84936886 1.84936886
 1.84936886 1.84936886 1.84936886 1.84936886 1.84936886 1.84936886
 1.84936886 1.84936886 1.84936886 1.84936886 1.84936886 1.84936886
 1.84936886 1.84936886 1.84936886 1.84936886 1.84936886 1.84936886
 1.84936886 1.84936886 1.84936886 1.84936886 1.84936886 1.84936886
 1.84936886 1.84936886 1.84936886 1.84936886 1.84936886 1.84936886
 1.84936886 1.84936886 1.84936886 1.84936886 1.84936886 1.84936886
 1.84936886 1.84936886 1.84936886 1.84936886 1.84936886 1.84936886
 1.84936886 1.84936886 1.84936886 1.84936886 1.84936886 1.84936886
 1.84936886 1.84936886 1.84936886 1.84936886 1.84936886 1.84936886
 1.84936886 1.84936886 1.84936886 1.84936886 1.84936886 1.84936886
 1.84936886 1.84936886 1.84936886 1.84936886 1.84936886 1.84936886
 1.84936886 1.84936886 1.84936886 1.84936886 1.84936886 1.84936886
 1.84936886 1.84936886 1.84936886 1.84936886 1.84936886 1.84936886
 1.84936886 1.84936886 1.84936886 1.84936886 1.84936886 1.84936886
 1.84936886 1.84936886 1.84936886 1.84936886 1.84936886 1.84936886
 1.84936886 1.84936886 1.84936886 1.84936886 1.84936886 1.84936886
 1.84936886 1.84936886 1.84936886 1.84936886 1.84936886 1.84936886
 1.84936886 1.84936886 1.84936886 1.84936886 1.84936886 1.84936886
 1.84936886 1.84936886 1.84936886 1.84936886 1.84936886 1.84936886
 1.84936886 1.84936886 1.84936886 1.84936886 1.84936886 1.84936886
 1.84936886 1.84936886 1.84936886 1.84936886 1.84936886 1.84936886
 1.84936886 1.84936886 1.84936886 1.84936886 1.84936886 1.84936886
 1.84936886 1.84936886 1.84936886 1.84936886 1.84936886 1.84936886
 1.84936886 1.84936886 1.84936886 1.84936886 1.84936886 1.84936886
 1.84936886 1.84936886 1.84936886 1.84936886 1.84936886 1.84936886
 1.84936886 1.84936886 1.84936886 1.84936886 1.84936886 1.84936886
 1.84936886 1.84936886 1.84936886 1.84936886 1.84936886 1.84936886
 1.84936886 1.84936886 1.84936886 1.84936886 1.84936886 1.84936886
 1.84936886 1.84936886 1.84936886 1.84936886 1.84936886 1.84936886
 1.84936886 1.84936886 1.84936886 1.84936886 1.84936886 1.84936886
 1.84936886 1.84936886 1.84936886 1.84936886 1.84936886 1.84936886
 1.84936886 1.84936886 1.84936886 1.84936886 1.84936886 1.84936886
 1.84936886 1.84936886 1.84936886 1.84936886 1.84936886 1.84936886
 1.84936886 1.84936886 1.84936886 1.84936886 1.84936886 1.84936886
 1.84936886 1.84936886 1.84936886 1.84936886 1.84936886 1.84936886
 1.84936886 1.84936886 1.84936886 1.84936886 1.84936886 1.84936886
 1.84936886 1.84936886 1.84936886 1.84936886 1.84936886 1.84936886
 1.84936886 1.84936886 1.84936886 1.84936886 1.84936886 1.84936886
 1.84936886 1.84936886 1.84936886 1.84936886 1.84936886 1.84936886
 1.84936886 1.84936886 1.84936886 1.84936886 1.84936886 1.84936886
 1.84936886 1.84936886 1.84936886 1.84936886 1.84936886 1.84936886
 1.84936886 1.84936886 1.84936886 1.84936886 1.84936886 1.84936886
 1.84936886 1.84936886 1.84936886 1.84936886 1.84936886 1.84936886
 1.84936886 1.84936886 1.84936886 1.84936886 1.84936886 1.84936886
 1.84936886 1.84936886 1.84936886 1.84936886 1.84936886 1.84936886
 1.84936886 1.84936886 1.84936886 1.84936886 1.84936886 1.84936886
 1.84936886 1.84936886 1.84936886 1.84936886 1.84936886 1.84936886
 1.84936886 1.84936886 1.84936886 1.84936886 1.84936886 1.84936886
 1.84936886 1.84936886 1.84936886 1.84936886 1.84936886 1.84936886
 1.84936886 1.84936886 1.84936886 1.84936886 1.84936886 1.84936886
 1.84936886 1.84936886 1.84936886 1.84936886 1.84936886 1.84936886
 1.84936886 1.84936886 1.84936886 1.84936886 1.84936886 1.84936886
 1.84936886 1.84936886 1.84936886 1.84936886 1.84936886 1.84936886
 1.84936886 1.84936886 1.84936886 1.84936886 1.84936886 1.84936886
 1.84936886 1.84936886 1.84936886 1.84936886 1.84936886 1.84936886
 1.84936886 1.84936886 1.84936886 1.84936886 1.84936886 1.84936886
 1.84936886 1.84936886 1.84936886 1.84936886 1.84936886 1.84936886
 1.84936886 1.84936886 1.84936886 1.84936886 1.84936886 1.84936886
 1.84936886 1.84936886 1.84936886 1.84936886 1.84936886 1.84936886
 1.84936886 1.84936886 1.84936886 1.84936886 1.84936886 1.84936886
 1.84936886 1.84936886 1.84936886 1.84936886 1.84936886 1.84936886
 1.84936886 1.84936886 1.84936886 1.84936886 1.84936886 1.84936886
 1.84936886 1.84936886 1.84936886 1.84936886 1.84936886 1.84936886
 1.84936886 1.84936886 1.84936886 1.84936886 1.84936886 1.84936886
 1.84936886 1.84936886 1.84936886 1.84936886 1.84936886 1.84936886
 1.84936886 1.84936886 1.84936886 1.84936886 1.84936886 1.84936886
 1.84936886 1.84936886 1.84936886 1.84936886 1.84936886 1.84936886
 1.84936886 1.84936886 1.84936886 1.84936886 1.84936886 1.84936886
 1.84936886 1.84936886 1.84936886 1.84936886 1.84936886 1.84936886
 1.84936886 1.84936886 1.84936886 1.84936886 1.84936886 1.84936886
 1.84936886 1.84936886 1.84936886 1.84936886 1.84936886 1.84936886
 1.84936886 1.84936886 1.84936886 1.84936886 1.84936886 1.84936886
 1.84936886 1.84936886 1.84936886 1.84936886 1.84936886 1.84936886
 1.84936886 1.84936886 1.84936886 1.84936886 1.84936886 1.84936886
 1.84936886 1.84936886 1.84936886 1.84936886 1.84936886 1.84936886
 1.84936886 1.84936886 1.84936886 1.84936886 1.84936886 1.84936886
 1.84936886 1.84936886 1.84936886 1.84936886 1.84936886 1.84936886
 1.84936886 1.84936886 1.84936886 1.84936886 1.84936886 1.84936886
 1.84936886 1.84936886 1.84936886 1.84936886 1.84936886 1.84936886
 1.84936886 1.84936886 1.84936886 1.84936886 1.84936886 1.84936886
 1.84936886 1.84936886 1.84936886 1.84936886 1.84936886 1.84936886
 1.84936886 1.84936886 1.84936886 1.84936886 1.84936886 1.84936886
 1.84936886 1.84936886 1.84936886 1.84936886 1.84936886 1.84936886
 1.84936886 1.84936886 1.84936886 1.84936886 1.84936886 1.84936886
 1.84936886 1.84936886 1.84936886 1.84936886 1.84936886 1.84936886
 1.84936886 1.84936886 1.84936886 1.84936886 1.84936886 1.84936886
 1.84936886 1.84936886 1.84936886 1.84936886 1.84936886 1.84936886
 1.84936886 1.84936886 1.84936886 1.84936886 1.84936886 1.84936886
 1.84936886 1.84936886 1.84936886 1.84936886 1.84936886 1.84936886
 1.84936886 1.84936886 1.84936886 1.84936886 1.84936886 1.84936886
 1.84936886 1.84936886 1.84936886 1.84936886 1.84936886 1.84936886
 1.84936886 1.84936886 1.84936886 1.84936886 1.84936886 1.84936886
 1.84936886 1.84936886 1.84936886 1.84936886 1.84936886 1.84936886
 1.84936886 1.84936886 1.84936886 1.84936886 1.84936886 1.84936886
 1.84936886 1.84936886 1.84936886 1.84936886 1.84936886 1.84936886
 1.84936886 1.84936886 1.84936886 1.84936886 1.84936886 1.84936886
 1.84936886 1.84936886 1.84936886 1.84936886 1.84936886 1.84936886
 1.84936886 1.84936886 1.84936886 1.84936886 1.84936886 1.84936886
 1.84936886 1.84936886 1.84936886 1.84936886 1.84936886 1.84936886
 1.84936886 1.84936886 1.84936886 1.84936886 1.84936886 1.84936886
 1.84936886 1.84936886 1.84936886 1.84936886 1.84936886 1.84936886
 1.84936886 1.84936886 1.84936886 1.84936886 1.84936886 1.84936886
 1.84936886 1.84936886 1.84936886 1.84936886 1.84936886 1.84936886
 1.84936886 1.84936886 1.84936886 1.84936886 1.84936886 1.84936886
 1.84936886 1.84936886 1.84936886 1.84936886 1.84936886 1.84936886
 1.84936886 1.84936886 1.84936886 1.84936886 1.84936886 1.84936886
 1.84936886 1.84936886 1.84936886 1.84936886 1.84936886 1.84936886
 1.84936886 1.84936886 1.84936886 1.84936886 1.84936886 1.84936886
 1.84936886 1.84936886 1.84936886 1.84936886 1.84936886 1.84936886
 1.84936886 1.84936886 1.84936886 1.84936886 1.84936886 1.84936886
 1.84936886 1.84936886 1.84936886 1.84936886 1.84936886 1.84936886
 1.84936886 1.84936886 1.84936886 1.84936886 1.84936886 1.84936886
 1.84936886 1.84936886 1.84936886 1.84936886 1.84936886 1.84936886
 1.84936886 1.84936886 1.84936886 1.84936886 1.84936886 1.84936886
 1.84936886 1.84936886 1.84936886 1.84936886 1.84936886 1.84936886
 1.84936886 1.84936886 1.84936886 1.84936886 1.84936886 1.84936886
 1.84936886 1.84936886 1.84936886 1.84936886 1.84936886 1.84936886
 1.84936886 1.84936886 1.84936886 1.84936886 1.84936886 1.84936886
 1.84936886 1.84936886 1.84936886 1.84936886 1.84936886 1.84936886
 1.84936886 1.84936886 1.84936886 1.84936886 1.84936886 1.84936886
 1.84936886 1.84936886 1.84936886 1.84936886 1.84936886 1.84936886
 1.84936886 1.84936886 1.84936886 1.84936886 1.84936886 1.84936886
 1.84936886 1.84936886 1.84936886 1.84936886 1.84936886 1.84936886
 1.84936886 1.84936886 1.84936886 1.84936886 1.84936886 1.84936886
 1.84936886 1.84936886 1.84936886 1.84936886 1.84936886 1.84936886
 1.84936886 1.84936886 1.84936886 1.84936886 1.84936886 1.84936886
 1.84936886 1.84936886 1.84936886 1.84936886]
Lower Objective Bound: [-4.71238898 -4.51073146 -4.45472963 -4.43947925 -4.43534809 -4.43423059
 -4.43392842 -4.43384672 -4.43382463 -4.43381866 -4.43381704 -4.43381661
 -4.43381649 -4.43381646 -4.43381645 -4.43381645 -4.43381644 -4.43381644
 -4.43381644 -4.43381644 -4.43381644 -4.43381644 -4.43381644 -4.43381644
 -4.43381644 -4.43381644 -4.43381644 -4.43381644 -4.43381644 -4.43381644
 -4.43381644 -4.43381644 -4.43381644 -4.43381644 -4.43381644 -4.43381644
 -4.43381644 -4.43381644 -4.43381644 -4.43381644 -4.43381644 -4.43381644
 -4.43381644 -4.43381644 -4.43381644 -4.43381644 -4.43381644 -4.43381644
 -4.43381644 -4.43381644 -4.43381644 -4.43381644 -4.43381644 -4.43381644
 -4.43381644 -4.43381644 -4.43381644 -4.43381644 -4.43381644 -4.43381644
 -4.43381644 -4.43381644 -4.43381644 -4.43381644 -4.43381644 -4.43381644
 -4.43381644 -4.43381644 -4.43381644 -4.43381644 -4.43381644 -4.43381644
 -4.43381644 -4.43381644 -4.43381644 -4.43381644 -4.43381644 -4.43381644
 -4.43381644 -4.43381644 -4.43381644 -4.43381644 -4.43381644 -4.43381644
 -4.43381644 -4.43381644 -4.43381644 -4.43381644 -4.43381644 -4.43381644
 -4.43381644 -4.43381644 -4.43381644 -4.43381644 -4.43381644 -4.43381644
 -4.43381644 -4.43381644 -4.43381644 -4.43381644 -4.43381644 -4.43381644
 -4.43381644 -4.43381644 -4.43381644 -4.43381644 -4.43381644 -4.43381644
 -4.43381644 -4.43381644 -4.43381644 -4.43381644 -4.43381644 -4.43381644
 -4.43381644 -4.43381644 -4.43381644 -4.43381644 -4.43381644 -4.43381644
 -4.43381644 -4.43381644 -4.43381644 -4.43381644 -4.43381644 -4.43381644
 -4.43381644 -4.43381644 -4.43381644 -4.43381644 -4.43381644 -4.43381644
 -4.43381644 -4.43381644 -4.43381644 -4.43381644 -4.43381644 -4.43381644
 -4.43381644 -4.43381644 -4.43381644 -4.43381644 -4.43381644 -4.43381644
 -4.43381644 -4.43381644 -4.43381644 -4.43381644 -4.43381644 -4.43381644
 -4.43381644 -4.43381644 -4.43381644 -4.43381644 -4.43381644 -4.43381644
 -4.43381644 -4.43381644 -4.43381644 -4.43381644 -4.43381644 -4.43381644
 -4.43381644 -4.43381644 -4.43381644 -4.43381644 -4.43381644 -4.43381644
 -4.43381644 -4.43381644 -4.43381644 -4.43381644 -4.43381644 -4.43381644
 -4.43381644 -4.43381644 -4.43381644 -4.43381644 -4.43381644 -4.43381644
 -4.43381644 -4.43381644 -4.43381644 -4.43381644 -4.43381644 -4.43381644
 -4.43381644 -4.43381644 -4.43381644 -4.43381644 -4.43381644 -4.43381644
 -4.43381644 -4.43381644 -4.43381644 -4.43381644 -4.43381644 -4.43381644
 -4.43381644 -4.43381644 -4.43381644 -4.43381644 -4.43381644 -4.43381644
 -4.43381644 -4.43381644 -4.43381644 -4.43381644 -4.43381644 -4.43381644
 -4.43381644 -4.43381644 -4.43381644 -4.43381644 -4.43381644 -4.43381644
 -4.43381644 -4.43381644 -4.43381644 -4.43381644 -4.43381644 -4.43381644
 -4.43381644 -4.43381644 -4.43381644 -4.43381644 -4.43381644 -4.43381644
 -4.43381644 -4.43381644 -4.43381644 -4.43381644 -4.43381644 -4.43381644
 -4.43381644 -4.43381644 -4.43381644 -4.43381644 -4.43381644 -4.43381644
 -4.43381644 -4.43381644 -4.43381644 -4.43381644 -4.43381644 -4.43381644
 -4.43381644 -4.43381644 -4.43381644 -4.43381644 -4.43381644 -4.43381644
 -4.43381644 -4.43381644 -4.43381644 -4.43381644 -4.43381644 -4.43381644
 -4.43381644 -4.43381644 -4.43381644 -4.43381644 -4.43381644 -4.43381644
 -4.43381644 -4.43381644 -4.43381644 -4.43381644 -4.43381644 -4.43381644
 -4.43381644 -4.43381644 -4.43381644 -4.43381644 -4.43381644 -4.43381644
 -4.43381644 -4.43381644 -4.43381644 -4.43381644 -4.43381644 -4.43381644
 -4.43381644 -4.43381644 -4.43381644 -4.43381644 -4.43381644 -4.43381644
 -4.43381644 -4.43381644 -4.43381644 -4.43381644 -4.43381644 -4.43381644
 -4.43381644 -4.43381644 -4.43381644 -4.43381644 -4.43381644 -4.43381644
 -4.43381644 -4.43381644 -4.43381644 -4.43381644 -4.43381644 -4.43381644
 -4.43381644 -4.43381644 -4.43381644 -4.43381644 -4.43381644 -4.43381644
 -4.43381644 -4.43381644 -4.43381644 -4.43381644 -4.43381644 -4.43381644
 -4.43381644 -4.43381644 -4.43381644 -4.43381644 -4.43381644 -4.43381644
 -4.43381644 -4.43381644 -4.43381644 -4.43381644 -4.43381644 -4.43381644
 -4.43381644 -4.43381644 -4.43381644 -4.43381644 -4.43381644 -4.43381644
 -4.43381644 -4.43381644 -4.43381644 -4.43381644 -4.43381644 -4.43381644
 -4.43381644 -4.43381644 -4.43381644 -4.43381644 -4.43381644 -4.43381644
 -4.43381644 -4.43381644 -4.43381644 -4.43381644 -4.43381644 -4.43381644
 -4.43381644 -4.43381644 -4.43381644 -4.43381644 -4.43381644 -4.43381644
 -4.43381644 -4.43381644 -4.43381644 -4.43381644 -4.43381644 -4.43381644
 -4.43381644 -4.43381644 -4.43381644 -4.43381644 -4.43381644 -4.43381644
 -4.43381644 -4.43381644 -4.43381644 -4.43381644 -4.43381644 -4.43381644
 -4.43381644 -4.43381644 -4.43381644 -4.43381644 -4.43381644 -4.43381644
 -4.43381644 -4.43381644 -4.43381644 -4.43381644 -4.43381644 -4.43381644
 -4.43381644 -4.43381644 -4.43381644 -4.43381644 -4.43381644 -4.43381644
 -4.43381644 -4.43381644 -4.43381644 -4.43381644 -4.43381644 -4.43381644
 -4.43381644 -4.43381644 -4.43381644 -4.43381644 -4.43381644 -4.43381644
 -4.43381644 -4.43381644 -4.43381644 -4.43381644 -4.43381644 -4.43381644
 -4.43381644 -4.43381644 -4.43381644 -4.43381644 -4.43381644 -4.43381644
 -4.43381644 -4.43381644 -4.43381644 -4.43381644 -4.43381644 -4.43381644
 -4.43381644 -4.43381644 -4.43381644 -4.43381644 -4.43381644 -4.43381644
 -4.43381644 -4.43381644 -4.43381644 -4.43381644 -4.43381644 -4.43381644
 -4.43381644 -4.43381644 -4.43381644 -4.43381644 -4.43381644 -4.43381644
 -4.43381644 -4.43381644 -4.43381644 -4.43381644 -4.43381644 -4.43381644
 -4.43381644 -4.43381644 -4.43381644 -4.43381644 -4.43381644 -4.43381644
 -4.43381644 -4.43381644 -4.43381644 -4.43381644 -4.43381644 -4.43381644
 -4.43381644 -4.43381644 -4.43381644 -4.43381644 -4.43381644 -4.43381644
 -4.43381644 -4.43381644 -4.43381644 -4.43381644 -4.43381644 -4.43381644
 -4.43381644 -4.43381644 -4.43381644 -4.43381644 -4.43381644 -4.43381644
 -4.43381644 -4.43381644 -4.43381644 -4.43381644 -4.43381644 -4.43381644
 -4.43381644 -4.43381644 -4.43381644 -4.43381644 -4.43381644 -4.43381644
 -4.43381644 -4.43381644 -4.43381644 -4.43381644 -4.43381644 -4.43381644
 -4.43381644 -4.43381644 -4.43381644 -4.43381644 -4.43381644 -4.43381644
 -4.43381644 -4.43381644 -4.43381644 -4.43381644 -4.43381644 -4.43381644
 -4.43381644 -4.43381644 -4.43381644 -4.43381644 -4.43381644 -4.43381644
 -4.43381644 -4.43381644 -4.43381644 -4.43381644 -4.43381644 -4.43381644
 -4.43381644 -4.43381644 -4.43381644 -4.43381644 -4.43381644 -4.43381644
 -4.43381644 -4.43381644 -4.43381644 -4.43381644 -4.43381644 -4.43381644
 -4.43381644 -4.43381644 -4.43381644 -4.43381644 -4.43381644 -4.43381644
 -4.43381644 -4.43381644 -4.43381644 -4.43381644 -4.43381644 -4.43381644
 -4.43381644 -4.43381644 -4.43381644 -4.43381644 -4.43381644 -4.43381644
 -4.43381644 -4.43381644 -4.43381644 -4.43381644 -4.43381644 -4.43381644
 -4.43381644 -4.43381644 -4.43381644 -4.43381644 -4.43381644 -4.43381644
 -4.43381644 -4.43381644 -4.43381644 -4.43381644 -4.43381644 -4.43381644
 -4.43381644 -4.43381644 -4.43381644 -4.43381644 -4.43381644 -4.43381644
 -4.43381644 -4.43381644 -4.43381644 -4.43381644 -4.43381644 -4.43381644
 -4.43381644 -4.43381644 -4.43381644 -4.43381644 -4.43381644 -4.43381644
 -4.43381644 -4.43381644 -4.43381644 -4.43381644 -4.43381644 -4.43381644
 -4.43381644 -4.43381644 -4.43381644 -4.43381644 -4.43381644 -4.43381644
 -4.43381644 -4.43381644 -4.43381644 -4.43381644 -4.43381644 -4.43381644
 -4.43381644 -4.43381644 -4.43381644 -4.43381644 -4.43381644 -4.43381644
 -4.43381644 -4.43381644 -4.43381644 -4.43381644 -4.43381644 -4.43381644
 -4.43381644 -4.43381644 -4.43381644 -4.43381644 -4.43381644 -4.43381644
 -4.43381644 -4.43381644 -4.43381644 -4.43381644 -4.43381644 -4.43381644
 -4.43381644 -4.43381644 -4.43381644 -4.43381644 -4.43381644 -4.43381644
 -4.43381644 -4.43381644 -4.43381644 -4.43381644 -4.43381644 -4.43381644
 -4.43381644 -4.43381644 -4.43381644 -4.43381644 -4.43381644 -4.43381644
 -4.43381644 -4.43381644 -4.43381644 -4.43381644 -4.43381644 -4.43381644
 -4.43381644 -4.43381644 -4.43381644 -4.43381644 -4.43381644 -4.43381644
 -4.43381644 -4.43381644 -4.43381644 -4.43381644 -4.43381644 -4.43381644
 -4.43381644 -4.43381644 -4.43381644 -4.43381644 -4.43381644 -4.43381644
 -4.43381644 -4.43381644 -4.43381644 -4.43381644 -4.43381644 -4.43381644
 -4.43381644 -4.43381644 -4.43381644 -4.43381644 -4.43381644 -4.43381644
 -4.43381644 -4.43381644 -4.43381644 -4.43381644 -4.43381644 -4.43381644
 -4.43381644 -4.43381644 -4.43381644 -4.43381644 -4.43381644 -4.43381644
 -4.43381644 -4.43381644 -4.43381644 -4.43381644 -4.43381644 -4.43381644
 -4.43381644 -4.43381644 -4.43381644 -4.43381644 -4.43381644 -4.43381644
 -4.43381644 -4.43381644 -4.43381644 -4.43381644 -4.43381644 -4.43381644
 -4.43381644 -4.43381644 -4.43381644 -4.43381644 -4.43381644 -4.43381644
 -4.43381644 -4.43381644 -4.43381644 -4.43381644 -4.43381644 -4.43381644
 -4.43381644 -4.43381644 -4.43381644 -4.43381644 -4.43381644 -4.43381644
 -4.43381644 -4.43381644 -4.43381644 -4.43381644 -4.43381644 -4.43381644
 -4.43381644 -4.43381644 -4.43381644 -4.43381644 -4.43381644 -4.43381644
 -4.43381644 -4.43381644 -4.43381644 -4.43381644 -4.43381644 -4.43381644
 -4.43381644 -4.43381644 -4.43381644 -4.43381644 -4.43381644 -4.43381644
 -4.43381644 -4.43381644 -4.43381644 -4.43381644 -4.43381644 -4.43381644
 -4.43381644 -4.43381644 -4.43381644 -4.43381644 -4.43381644 -4.43381644
 -4.43381644 -4.43381644 -4.43381644 -4.43381644 -4.43381644 -4.43381644
 -4.43381644 -4.43381644 -4.43381644 -4.43381644 -4.43381644 -4.43381644
 -4.43381644 -4.43381644 -4.43381644 -4.43381644 -4.43381644 -4.43381644
 -4.43381644 -4.43381644 -4.43381644 -4.43381644 -4.43381644 -4.43381644
 -4.43381644 -4.43381644 -4.43381644 -4.43381644 -4.43381644 -4.43381644
 -4.43381644 -4.43381644 -4.43381644 -4.43381644 -4.43381644 -4.43381644
 -4.43381644 -4.43381644 -4.43381644 -4.43381644 -4.43381644 -4.43381644
 -4.43381644 -4.43381644 -4.43381644 -4.43381644 -4.43381644 -4.43381644
 -4.43381644 -4.43381644 -4.43381644 -4.43381644 -4.43381644 -4.43381644
 -4.43381644 -4.43381644 -4.43381644 -4.43381644 -4.43381644 -4.43381644
 -4.43381644 -4.43381644 -4.43381644 -4.43381644 -4.43381644 -4.43381644
 -4.43381644 -4.43381644 -4.43381644 -4.43381644 -4.43381644 -4.43381644
 -4.43381644 -4.43381644 -4.43381644 -4.43381644 -4.43381644 -4.43381644
 -4.43381644 -4.43381644 -4.43381644 -4.43381644 -4.43381644 -4.43381644
 -4.43381644 -4.43381644 -4.43381644 -4.43381644 -4.43381644 -4.43381644
 -4.43381644 -4.43381644 -4.43381644 -4.43381644 -4.43381644 -4.43381644
 -4.43381644 -4.43381644 -4.43381644 -4.43381644 -4.43381644 -4.43381644
 -4.43381644 -4.43381644 -4.43381644 -4.43381644 -4.43381644 -4.43381644
 -4.43381644 -4.43381644 -4.43381644 -4.43381644 -4.43381644 -4.43381644
 -4.43381644 -4.43381644 -4.43381644 -4.43381644 -4.43381644 -4.43381644
 -4.43381644 -4.43381644 -4.43381644 -4.43381644 -4.43381644 -4.43381644
 -4.43381644 -4.43381644 -4.43381644 -4.43381644 -4.43381644 -4.43381644
 -4.43381644 -4.43381644 -4.43381644 -4.43381644 -4.43381644 -4.43381644
 -4.43381644 -4.43381644 -4.43381644 -4.43381644 -4.43381644 -4.43381644
 -4.43381644 -4.43381644 -4.43381644 -4.43381644 -4.43381644 -4.43381644
 -4.43381644 -4.43381644 -4.43381644 -4.43381644 -4.43381644 -4.43381644
 -4.43381644 -4.43381644 -4.43381644 -4.43381644 -4.43381644 -4.43381644
 -4.43381644 -4.43381644 -4.43381644 -4.43381644 -4.43381644 -4.43381644
 -4.43381644 -4.43381644 -4.43381644 -4.43381644 -4.43381644 -4.43381644
 -4.43381644 -4.43381644 -4.43381644 -4.43381644 -4.43381644 -4.43381644
 -4.43381644 -4.43381644 -4.43381644 -4.43381644 -4.43381644 -4.43381644
 -4.43381644 -4.43381644 -4.43381644 -4.43381644 -4.43381644 -4.43381644
 -4.43381644 -4.43381644 -4.43381644 -4.43381644 -4.43381644 -4.43381644
 -4.43381644 -4.43381644 -4.43381644 -4.43381644 -4.43381644 -4.43381644
 -4.43381644 -4.43381644 -4.43381644 -4.43381644 -4.43381644 -4.43381644
 -4.43381644 -4.43381644 -4.43381644 -4.43381644 -4.43381644 -4.43381644
 -4.43381644 -4.43381644 -4.43381644 -4.43381644 -4.43381644 -4.43381644
 -4.43381644 -4.43381644 -4.43381644 -4.43381644 -4.43381644 -4.43381644
 -4.43381644 -4.43381644 -4.43381644 -4.43381644]
Initial guess: [0. 0. 0. 0. 0. 0. 0. 0. 0. 0. 0. 0. 0. 0. 0. 0. 0. 0. 0. 0. 0. 0. 0. 0.
 0. 0. 0. 0. 0. 0. 0. 0. 0. 0. 0. 0. 0. 0. 0. 0. 0. 0. 0. 0. 0. 0. 0. 0.
 0. 0. 0. 0. 0. 0. 0. 0. 0. 0. 0. 0. 0. 0. 0. 0. 0. 0. 0. 0. 0. 0. 0. 0.
 0. 0. 0. 0. 0. 0. 0. 0. 0. 0. 0. 0. 0. 0. 0. 0. 0. 0. 0. 0. 0. 0. 0. 0.
 0. 0. 0. 0. 0. 0. 0. 0. 0. 0. 0. 0. 0. 0. 0. 0. 0. 0. 0. 0. 0. 0. 0. 0.
 0. 0. 0. 0. 0. 0. 0. 0. 0. 0. 0. 0. 0. 0. 0. 0. 0. 0. 0. 0. 0. 0. 0. 0.
 0. 0. 0. 0. 0. 0. 0. 0. 0. 0. 0. 0. 0. 0. 0. 0. 0. 0. 0. 0. 0. 0. 0. 0.
 0. 0. 0. 0. 0. 0. 0. 0. 0. 0. 0. 0. 0. 0. 0. 0. 0. 0. 0. 0. 0. 0. 0. 0.
 0. 0. 0. 0. 0. 0. 0. 0. 0. 0. 0. 0. 0. 0. 0. 0. 0. 0. 0. 0. 0. 0. 0. 0.
 0. 0. 0. 0. 0. 0. 0. 0. 0. 0. 0. 0. 0. 0. 0. 0. 0. 0. 0. 0. 0. 0. 0. 0.
 0. 0. 0. 0. 0. 0. 0. 0. 0. 0. 0. 0. 0. 0. 0. 0. 0. 0. 0. 0. 0. 0. 0. 0.
 0. 0. 0. 0. 0. 0. 0. 0. 0. 0. 0. 0. 0. 0. 0. 0. 0. 0. 0. 0. 0. 0. 0. 0.
 0. 0. 0. 0. 0. 0. 0. 0. 0. 0. 0. 0. 0. 0. 0. 0. 0. 0. 0. 0. 0. 0. 0. 0.
 0. 0. 0. 0. 0. 0. 0. 0. 0. 0. 0. 0. 0. 0. 0. 0. 0. 0. 0. 0. 0. 0. 0. 0.
 0. 0. 0. 0. 0. 0. 0. 0. 0. 0. 0. 0. 0. 0. 0. 0. 0. 0. 0. 0. 0. 0. 0. 0.
 0. 0. 0. 0. 0. 0. 0. 0. 0. 0. 0. 0. 0. 0. 0. 0. 0. 0. 0. 0. 0. 0. 0. 0.
 0. 0. 0. 0. 0. 0. 0. 0. 0. 0. 0. 0. 0. 0. 0. 0. 0. 0. 0. 0. 0. 0. 0. 0.
 0. 0. 0. 0. 0. 0. 0. 0. 0. 0. 0. 0. 0. 0. 0. 0. 0. 0. 0. 0. 0. 0. 0. 0.
 0. 0. 0. 0. 0. 0. 0. 0. 0. 0. 0. 0. 0. 0. 0. 0. 0. 0. 0. 0. 0. 0. 0. 0.
 0. 0. 0. 0. 0. 0. 0. 0. 0. 0. 0. 0. 0. 0. 0. 0. 0. 0. 0. 0. 0. 0. 0. 0.
 0. 0. 0. 0. 0. 0. 0. 0. 0. 0. 0. 0. 0. 0. 0. 0. 0. 0. 0. 0. 0. 0. 0. 0.
 0. 0. 0. 0. 0. 0. 0. 0. 0. 0. 0. 0. 0. 0. 0. 0. 0. 0. 0. 0. 0. 0. 0. 0.
 0. 0. 0. 0. 0. 0. 0. 0. 0. 0. 0. 0. 0. 0. 0. 0. 0. 0. 0. 0. 0. 0. 0. 0.
 0. 0. 0. 0. 0. 0. 0. 0. 0. 0. 0. 0. 0. 0. 0. 0. 0. 0. 0. 0. 0. 0. 0. 0.
 0. 0. 0. 0. 0. 0. 0. 0. 0. 0. 0. 0. 0. 0. 0. 0. 0. 0. 0. 0. 0. 0. 0. 0.
 0. 0. 0. 0. 0. 0. 0. 0. 0. 0. 0. 0. 0. 0. 0. 0. 0. 0. 0. 0. 0. 0. 0. 0.
 0. 0. 0. 0. 0. 0. 0. 0. 0. 0. 0. 0. 0. 0. 0. 0. 0. 0. 0. 0. 0. 0. 0. 0.
 0. 0. 0. 0. 0. 0. 0. 0. 0. 0. 0. 0. 0. 0. 0. 0. 0. 0. 0. 0. 0. 0. 0. 0.
 0. 0. 0. 0. 0. 0. 0. 0. 0. 0. 0. 0. 0. 0. 0. 0. 0. 0. 0. 0. 0. 0. 0. 0.
 0. 0. 0. 0. 0. 0. 0. 0. 0. 0. 0. 0. 0. 0. 0. 0. 0. 0. 0. 0. 0. 0. 0. 0.
 0. 0. 0. 0. 0. 0. 0. 0. 0. 0. 0. 0. 0. 0. 0. 0. 0. 0. 0. 0. 0. 0. 0. 0.
 0. 0. 0. 0. 0. 0. 0. 0. 0. 0. 0. 0. 0. 0. 0. 0. 0. 0. 0. 0. 0. 0. 0. 0.
 0. 0. 0. 0. 0. 0. 0. 0. 0. 0. 0. 0. 0. 0. 0. 0. 0. 0. 0. 0. 0. 0. 0. 0.
 0. 0. 0. 0. 0. 0. 0. 0. 0. 0. 0. 0. 0. 0. 0. 0. 0. 0. 0. 0. 0. 0. 0. 0.
 0. 0. 0. 0. 0. 0. 0. 0. 0. 0. 0. 0. 0. 0. 0. 0. 0. 0. 0. 0. 0. 0. 0. 0.
 0. 0. 0. 0. 0. 0. 0. 0. 0. 0. 0. 0. 0. 0. 0. 0. 0. 0. 0. 0. 0. 0. 0. 0.
 0. 0. 0. 0. 0. 0. 0. 0. 0. 0. 0. 0. 0. 0. 0. 0. 0. 0. 0. 0. 0. 0. 0. 0.
 0. 0. 0. 0. 0. 0. 0. 0. 0. 0. 0. 0. 0. 0. 0. 0. 0. 0. 0. 0. 0. 0. 0. 0.
 0. 0. 0. 0. 0. 0. 0. 0. 0. 0. 0. 0. 0. 0. 0. 0. 0. 0. 0. 0. 0. 0. 0. 0.
 0. 0. 0. 0. 0. 0. 0. 0. 0. 0. 0. 0. 0. 0. 0. 0. 0. 0. 0. 0. 0. 0. 0. 0.
 0. 0. 0. 0. 0. 0. 0. 0. 0. 0. 0. 0. 0. 0. 0. 0. 0. 0. 0. 0. 0. 0. 0. 0.
 0. 0. 0. 0. 0. 0. 0. 0. 0. 0. 0. 0. 0. 0. 0. 0.]
Objective Value (initial guess): -0.8414709848078965
Gradient (initial guess): [  0.54030231 100.         100.         100.         100.
 100.         100.         100.         100.         100.
 100.         100.         100.         100.         100.
 100.         100.         100.         100.         100.
 100.         100.         100.         100.         100.
 100.         100.         100.         100.         100.
 100.         100.         100.         100.         100.
 100.         100.         100.         100.         100.
 100.         100.         100.         100.         100.
 100.         100.         100.         100.         100.
 100.         100.         100.         100.         100.
 100.         100.         100.         100.         100.
 100.         100.         100.         100.         100.
 100.         100.         100.         100.         100.
 100.         100.         100.         100.         100.
 100.         100.         100.         100.         100.
 100.         100.         100.         100.         100.
 100.         100.         100.         100.         100.
 100.         100.         100.         100.         100.
 100.         100.         100.         100.         100.
 100.         100.         100.         100.         100.
 100.         100.         100.         100.         100.
 100.         100.         100.         100.         100.
 100.         100.         100.         100.         100.
 100.         100.         100.         100.         100.
 100.         100.         100.         100.         100.
 100.         100.         100.         100.         100.
 100.         100.         100.         100.         100.
 100.         100.         100.         100.         100.
 100.         100.         100.         100.         100.
 100.         100.         100.         100.         100.
 100.         100.         100.         100.         100.
 100.         100.         100.         100.         100.
 100.         100.         100.         100.         100.
 100.         100.         100.         100.         100.
 100.         100.         100.         100.         100.
 100.         100.         100.         100.         100.
 100.         100.         100.         100.         100.
 100.         100.         100.         100.         100.
 100.         100.         100.         100.         100.
 100.         100.         100.         100.         100.
 100.         100.         100.         100.         100.
 100.         100.         100.         100.         100.
 100.         100.         100.         100.         100.
 100.         100.         100.         100.         100.
 100.         100.         100.         100.         100.
 100.         100.         100.         100.         100.
 100.         100.         100.         100.         100.
 100.         100.         100.         100.         100.
 100.         100.         100.         100.         100.
 100.         100.         100.         100.         100.
 100.         100.         100.         100.         100.
 100.         100.         100.         100.         100.
 100.         100.         100.         100.         100.
 100.         100.         100.         100.         100.
 100.         100.         100.         100.         100.
 100.         100.         100.         100.         100.
 100.         100.         100.         100.         100.
 100.         100.         100.         100.         100.
 100.         100.         100.         100.         100.
 100.         100.         100.         100.         100.
 100.         100.         100.         100.         100.
 100.         100.         100.         100.         100.
 100.         100.         100.         100.         100.
 100.         100.         100.         100.         100.
 100.         100.         100.         100.         100.
 100.         100.         100.         100.         100.
 100.         100.         100.         100.         100.
 100.         100.         100.         100.         100.
 100.         100.         100.         100.         100.
 100.         100.         100.         100.         100.
 100.         100.         100.         100.         100.
 100.         100.         100.         100.         100.
 100.         100.         100.         100.         100.
 100.         100.         100.         100.         100.
 100.         100.         100.         100.         100.
 100.         100.         100.         100.         100.
 100.         100.         100.         100.         100.
 100.         100.         100.         100.         100.
 100.         100.         100.         100.         100.
 100.         100.         100.         100.         100.
 100.         100.         100.         100.         100.
 100.         100.         100.         100.         100.
 100.         100.         100.         100.         100.
 100.         100.         100.         100.         100.
 100.         100.         100.         100.         100.
 100.         100.         100.         100.         100.
 100.         100.         100.         100.         100.
 100.         100.         100.         100.         100.
 100.         100.         100.         100.         100.
 100.         100.         100.         100.         100.
 100.         100.         100.         100.         100.
 100.         100.         100.         100.         100.
 100.         100.         100.         100.         100.
 100.         100.         100.         100.         100.
 100.         100.         100.         100.         100.
 100.         100.         100.         100.         100.
 100.         100.         100.         100.         100.
 100.         100.         100.         100.         100.
 100.         100.         100.         100.         100.
 100.         100.         100.         100.         100.
 100.         100.         100.         100.         100.
 100.         100.         100.         100.         100.
 100.         100.         100.         100.         100.
 100.         100.         100.         100.         100.
 100.         100.         100.         100.         100.
 100.         100.         100.         100.         100.
 100.         100.         100.         100.         100.
 100.         100.         100.         100.         100.
 100.         100.         100.         100.         100.
 100.         100.         100.         100.         100.
 100.         100.         100.         100.         100.
 100.         100.         100.         100.         100.
 100.         100.         100.         100.         100.
 100.         100.         100.         100.         100.
 100.         100.         100.         100.         100.
 100.         100.         100.         100.         100.
 100.         100.         100.         100.         100.
 100.         100.         100.         100.         100.
 100.         100.         100.         100.         100.
 100.         100.         100.         100.         100.
 100.         100.         100.         100.         100.
 100.         100.         100.         100.         100.
 100.         100.         100.         100.         100.
 100.         100.         100.         100.         100.
 100.         100.         100.         100.         100.
 100.         100.         100.         100.         100.
 100.         100.         100.         100.         100.
 100.         100.         100.         100.         100.
 100.         100.         100.         100.         100.
 100.         100.         100.         100.         100.
 100.         100.         100.         100.         100.
 100.         100.         100.         100.         100.
 100.         100.         100.         100.         100.
 100.         100.         100.         100.         100.
 100.         100.         100.         100.         100.
 100.         100.         100.         100.         100.
 100.         100.         100.         100.         100.
 100.         100.         100.         100.         100.
 100.         100.         100.         100.         100.
 100.         100.         100.         100.         100.
 100.         100.         100.         100.         100.
 100.         100.         100.         100.         100.
 100.         100.         100.         100.         100.
 100.         100.         100.         100.         100.
 100.         100.         100.         100.         100.
 100.         100.         100.         100.         100.
 100.         100.         100.         100.         100.
 100.         100.         100.         100.         100.
 100.         100.         100.         100.         100.
 100.         100.         100.         100.         100.
 100.         100.         100.         100.         100.
 100.         100.         100.         100.         100.
 100.         100.         100.         100.         100.
 100.         100.         100.         100.         100.
 100.         100.         100.         100.         100.
 100.         100.         100.         100.         100.
 100.         100.         100.         100.         100.
 100.         100.         100.         100.         100.
 100.         100.         100.         100.         100.
 100.         100.         100.         100.         100.
 100.         100.         100.         100.         100.
 100.         100.         100.         100.         100.
 100.         100.         100.         100.         100.
 100.         100.         100.         100.         100.
 100.         100.         100.         100.         100.
 100.         100.         100.         100.         100.
 100.         100.         100.         100.         100.
 100.         100.         100.         100.         100.
 100.         100.         100.         100.         100.
 100.         100.         100.         100.         100.
 100.         100.         100.         100.         100.
 100.         100.         100.         100.         100.
 100.         100.         100.         100.         100.
 100.         100.         100.         100.         100.
 100.         100.         100.         100.         100.
 100.         100.         100.         100.         100.
 100.         100.         100.         100.         100.
 100.         100.         100.         100.         100.
 100.         100.         100.         100.         100.
 100.         100.         100.         100.         100.
 100.         100.         100.         100.         100.
 100.         100.         100.         100.         100.
 100.         100.         100.         100.         100.
 100.         100.         100.         100.         100.
 100.         100.         100.         100.         100.
 100.         100.         100.         100.         100.
 100.         100.         100.         100.         100.
 100.         100.         100.         100.         100.
 100.         100.         100.         100.         100.
 100.         100.         100.         100.         100.
 100.         100.         100.         100.         100.
 100.         100.         100.         100.         100.
 100.         100.         100.         100.         100.
 100.         100.         100.         100.         100.
 100.         100.         100.         100.         100.
 100.         100.         100.         100.         100.
 100.         100.         100.         100.         100.
 100.         100.         100.         100.         100.
 100.         100.         100.         100.         100.        ]
Hessian (initial guess): [[-199.15852902    0.            0.         ...    0.
     0.            0.        ]
 [   0.         -200.            0.         ...    0.
     0.            0.        ]
 [   0.            0.         -200.         ...    0.
     0.            0.        ]
 ...
 [   0.            0.            0.         ... -200.
     0.            0.        ]
 [   0.            0.            0.         ...    0.
  -200.            0.        ]
 [   0.            0.            0.         ...    0.
     0.            0.        ]]
Solution: [-0.00397698 -2.31378035 -2.35367003 -2.34527966 -2.34706097 -2.34669562
 -2.34675156 -2.34675141 -2.34673897 -2.34675102 -2.34675347 -2.34675064
 -2.34674975 -2.34674953 -2.34674946 -2.34674945 -2.34674944 -2.34674944
 -2.34674944 -2.34674944 -2.34674944 -2.34674944 -2.34674944 -2.34674944
 -2.34674944 -2.34674944 -2.34674944 -2.34674944 -2.34674944 -2.34674944
 -2.34674944 -2.34674944 -2.34674944 -2.34674944 -2.34674944 -2.34674944
 -2.34674944 -2.34674944 -2.34674944 -2.34674944 -2.34674944 -2.34674944
 -2.34674944 -2.34674944 -2.34674944 -2.34674944 -2.34674944 -2.34674944
 -2.34674944 -2.34674944 -2.34674944 -2.34674944 -2.34674944 -2.34674944
 -2.34674944 -2.34674944 -2.34674944 -2.34674944 -2.34674944 -2.34674944
 -2.34674944 -2.34674944 -2.34674944 -2.34674944 -2.34674944 -2.34674944
 -2.34674944 -2.34674944 -2.34674944 -2.34674944 -2.34674944 -2.34674944
 -2.34674944 -2.34674944 -2.34674944 -2.34674944 -2.34674944 -2.34674944
 -2.34674944 -2.34674944 -2.34674944 -2.34674944 -2.34674944 -2.34674944
 -2.34674944 -2.34674944 -2.34674944 -2.34674944 -2.34674944 -2.34674944
 -2.34674944 -2.34674944 -2.34674944 -2.34674944 -2.34674944 -2.34674944
 -2.34674944 -2.34674944 -2.34674944 -2.34674944 -2.34674944 -2.34674944
 -2.34674944 -2.34674944 -2.34674944 -2.34674944 -2.34674944 -2.34674944
 -2.34674944 -2.34674944 -2.34674944 -2.34674944 -2.34674944 -2.34674944
 -2.34674944 -2.34674944 -2.34674944 -2.34674944 -2.34674944 -2.34674944
 -2.34674944 -2.34674944 -2.34674944 -2.34674944 -2.34674944 -2.34674944
 -2.34674944 -2.34674944 -2.34674944 -2.34674944 -2.34674944 -2.34674944
 -2.34674944 -2.34674944 -2.34674944 -2.34674944 -2.34674944 -2.34674944
 -2.34674944 -2.34674944 -2.34674944 -2.34674944 -2.34674944 -2.34674944
 -2.34674944 -2.34674944 -2.34674944 -2.34674944 -2.34674944 -2.34674944
 -2.34674944 -2.34674944 -2.34674944 -2.34674944 -2.34674944 -2.34674944
 -2.34674944 -2.34674944 -2.34674944 -2.34674944 -2.34674944 -2.34674944
 -2.34674944 -2.34674944 -2.34674944 -2.34674944 -2.34674944 -2.34674944
 -2.34674944 -2.34674944 -2.34674944 -2.34674944 -2.34674944 -2.34674944
 -2.34674944 -2.34674944 -2.34674944 -2.34674944 -2.34674944 -2.34674944
 -2.34674944 -2.34674944 -2.34674944 -2.34674944 -2.34674944 -2.34674944
 -2.34674944 -2.34674944 -2.34674944 -2.34674944 -2.34674944 -2.34674944
 -2.34674944 -2.34674944 -2.34674944 -2.34674944 -2.34674944 -2.34674944
 -2.34674944 -2.34674944 -2.34674944 -2.34674944 -2.34674944 -2.34674944
 -2.34674944 -2.34674944 -2.34674944 -2.34674944 -2.34674944 -2.34674944
 -2.34674944 -2.34674944 -2.34674944 -2.34674944 -2.34674944 -2.34674944
 -2.34674944 -2.34674944 -2.34674944 -2.34674944 -2.34674944 -2.34674944
 -2.34674944 -2.34674944 -2.34674944 -2.34674944 -2.34674944 -2.34674944
 -2.34674944 -2.34674944 -2.34674944 -2.34674944 -2.34674944 -2.34674944
 -2.34674944 -2.34674944 -2.34674944 -2.34674944 -2.34674944 -2.34674944
 -2.34674944 -2.34674944 -2.34674944 -2.34674944 -2.34674944 -2.34674944
 -2.34674944 -2.34674944 -2.34674944 -2.34674944 -2.34674944 -2.34674944
 -2.34674944 -2.34674944 -2.34674944 -2.34674944 -2.34674944 -2.34674944
 -2.34674944 -2.34674944 -2.34674944 -2.34674944 -2.34674944 -2.34674944
 -2.34674944 -2.34674944 -2.34674944 -2.34674944 -2.34674944 -2.34674944
 -2.34674944 -2.34674944 -2.34674944 -2.34674944 -2.34674944 -2.34674944
 -2.34674944 -2.34674944 -2.34674944 -2.34674944 -2.34674944 -2.34674944
 -2.34674944 -2.34674944 -2.34674944 -2.34674944 -2.34674944 -2.34674944
 -2.34674944 -2.34674944 -2.34674944 -2.34674944 -2.34674944 -2.34674944
 -2.34674944 -2.34674944 -2.34674944 -2.34674944 -2.34674944 -2.34674944
 -2.34674944 -2.34674944 -2.34674944 -2.34674944 -2.34674944 -2.34674944
 -2.34674944 -2.34674944 -2.34674944 -2.34674944 -2.34674944 -2.34674944
 -2.34674944 -2.34674944 -2.34674944 -2.34674944 -2.34674944 -2.34674944
 -2.34674944 -2.34674944 -2.34674944 -2.34674944 -2.34674944 -2.34674944
 -2.34674944 -2.34674944 -2.34674944 -2.34674944 -2.34674944 -2.34674944
 -2.34674944 -2.34674944 -2.34674944 -2.34674944 -2.34674944 -2.34674944
 -2.34674944 -2.34674944 -2.34674944 -2.34674944 -2.34674944 -2.34674944
 -2.34674944 -2.34674944 -2.34674944 -2.34674944 -2.34674944 -2.34674944
 -2.34674944 -2.34674944 -2.34674944 -2.34674944 -2.34674944 -2.34674944
 -2.34674944 -2.34674944 -2.34674944 -2.34674944 -2.34674944 -2.34674944
 -2.34674944 -2.34674944 -2.34674944 -2.34674944 -2.34674944 -2.34674944
 -2.34674944 -2.34674944 -2.34674944 -2.34674944 -2.34674944 -2.34674944
 -2.34674944 -2.34674944 -2.34674944 -2.34674944 -2.34674944 -2.34674944
 -2.34674944 -2.34674944 -2.34674944 -2.34674944 -2.34674944 -2.34674944
 -2.34674944 -2.34674944 -2.34674944 -2.34674944 -2.34674944 -2.34674944
 -2.34674944 -2.34674944 -2.34674944 -2.34674944 -2.34674944 -2.34674944
 -2.34674944 -2.34674944 -2.34674944 -2.34674944 -2.34674944 -2.34674944
 -2.34674944 -2.34674944 -2.34674944 -2.34674944 -2.34674944 -2.34674944
 -2.34674944 -2.34674944 -2.34674944 -2.34674944 -2.34674944 -2.34674944
 -2.34674944 -2.34674944 -2.34674944 -2.34674944 -2.34674944 -2.34674944
 -2.34674944 -2.34674944 -2.34674944 -2.34674944 -2.34674944 -2.34674944
 -2.34674944 -2.34674944 -2.34674944 -2.34674944 -2.34674944 -2.34674944
 -2.34674944 -2.34674944 -2.34674944 -2.34674944 -2.34674944 -2.34674944
 -2.34674944 -2.34674944 -2.34674944 -2.34674944 -2.34674944 -2.34674944
 -2.34674944 -2.34674944 -2.34674944 -2.34674944 -2.34674944 -2.34674944
 -2.34674944 -2.34674944 -2.34674944 -2.34674944 -2.34674944 -2.34674944
 -2.34674944 -2.34674944 -2.34674944 -2.34674944 -2.34674944 -2.34674944
 -2.34674944 -2.34674944 -2.34674944 -2.34674944 -2.34674944 -2.34674944
 -2.34674944 -2.34674944 -2.34674944 -2.34674944 -2.34674944 -2.34674944
 -2.34674944 -2.34674944 -2.34674944 -2.34674944 -2.34674944 -2.34674944
 -2.34674944 -2.34674944 -2.34674944 -2.34674944 -2.34674944 -2.34674944
 -2.34674944 -2.34674944 -2.34674944 -2.34674944 -2.34674944 -2.34674944
 -2.34674944 -2.34674944 -2.34674944 -2.34674944 -2.34674944 -2.34674944
 -2.34674944 -2.34674944 -2.34674944 -2.34674944 -2.34674944 -2.34674944
 -2.34674944 -2.34674944 -2.34674944 -2.34674944 -2.34674944 -2.34674944
 -2.34674944 -2.34674944 -2.34674944 -2.34674944 -2.34674944 -2.34674944
 -2.34674944 -2.34674944 -2.34674944 -2.34674944 -2.34674944 -2.34674944
 -2.34674944 -2.34674944 -2.34674944 -2.34674944 -2.34674944 -2.34674944
 -2.34674944 -2.34674944 -2.34674944 -2.34674944 -2.34674944 -2.34674944
 -2.34674944 -2.34674944 -2.34674944 -2.34674944 -2.34674944 -2.34674944
 -2.34674944 -2.34674944 -2.34674944 -2.34674944 -2.34674944 -2.34674944
 -2.34674944 -2.34674944 -2.34674944 -2.34674944 -2.34674944 -2.34674944
 -2.34674944 -2.34674944 -2.34674944 -2.34674944 -2.34674944 -2.34674944
 -2.34674944 -2.34674944 -2.34674944 -2.34674944 -2.34674944 -2.34674944
 -2.34674944 -2.34674944 -2.34674944 -2.34674944 -2.34674944 -2.34674944
 -2.34674944 -2.34674944 -2.34674944 -2.34674944 -2.34674944 -2.34674944
 -2.34674944 -2.34674944 -2.34674944 -2.34674944 -2.34674944 -2.34674944
 -2.34674944 -2.34674944 -2.34674944 -2.34674944 -2.34674944 -2.34674944
 -2.34674944 -2.34674944 -2.34674944 -2.34674944 -2.34674944 -2.34674944
 -2.34674944 -2.34674944 -2.34674944 -2.34674944 -2.34674944 -2.34674944
 -2.34674944 -2.34674944 -2.34674944 -2.34674944 -2.34674944 -2.34674944
 -2.34674944 -2.34674944 -2.34674944 -2.34674944 -2.34674944 -2.34674944
 -2.34674944 -2.34674944 -2.34674944 -2.34674944 -2.34674944 -2.34674944
 -2.34674944 -2.34674944 -2.34674944 -2.34674944 -2.34674944 -2.34674944
 -2.34674944 -2.34674944 -2.34674944 -2.34674944 -2.34674944 -2.34674944
 -2.34674944 -2.34674944 -2.34674944 -2.34674944 -2.34674944 -2.34674944
 -2.34674944 -2.34674944 -2.34674944 -2.34674944 -2.34674944 -2.34674944
 -2.34674944 -2.34674944 -2.34674944 -2.34674944 -2.34674944 -2.34674944
 -2.34674944 -2.34674944 -2.34674944 -2.34674944 -2.34674944 -2.34674944
 -2.34674944 -2.34674944 -2.34674944 -2.34674944 -2.34674944 -2.34674944
 -2.34674944 -2.34674944 -2.34674944 -2.34674944 -2.34674944 -2.34674944
 -2.34674944 -2.34674944 -2.34674944 -2.34674944 -2.34674944 -2.34674944
 -2.34674944 -2.34674944 -2.34674944 -2.34674944 -2.34674944 -2.34674944
 -2.34674944 -2.34674944 -2.34674944 -2.34674944 -2.34674944 -2.34674944
 -2.34674944 -2.34674944 -2.34674944 -2.34674944 -2.34674944 -2.34674944
 -2.34674944 -2.34674944 -2.34674944 -2.34674944 -2.34674944 -2.34674944
 -2.34674944 -2.34674944 -2.34674944 -2.34674944 -2.34674944 -2.34674944
 -2.34674944 -2.34674944 -2.34674944 -2.34674944 -2.34674944 -2.34674944
 -2.34674944 -2.34674944 -2.34674944 -2.34674944 -2.34674944 -2.34674944
 -2.34674944 -2.34674944 -2.34674944 -2.34674944 -2.34674944 -2.34674944
 -2.34674944 -2.34674944 -2.34674944 -2.34674944 -2.34674944 -2.34674944
 -2.34674944 -2.34674944 -2.34674944 -2.34674944 -2.34674944 -2.34674944
 -2.34674944 -2.34674944 -2.34674944 -2.34674944 -2.34674944 -2.34674944
 -2.34674944 -2.34674944 -2.34674944 -2.34674944 -2.34674944 -2.34674944
 -2.34674944 -2.34674944 -2.34674944 -2.34674944 -2.34674944 -2.34674944
 -2.34674944 -2.34674944 -2.34674944 -2.34674944 -2.34674944 -2.34674944
 -2.34674944 -2.34674944 -2.34674944 -2.34674944 -2.34674944 -2.34674944
 -2.34674944 -2.34674944 -2.34674944 -2.34674944 -2.34674944 -2.34674944
 -2.34674944 -2.34674944 -2.34674944 -2.34674944 -2.34674944 -2.34674944
 -2.34674944 -2.34674944 -2.34674944 -2.34674944 -2.34674944 -2.34674944
 -2.34674944 -2.34674944 -2.34674944 -2.34674944 -2.34674944 -2.34674944
 -2.34674944 -2.34674944 -2.34674944 -2.34674944 -2.34674944 -2.34674944
 -2.34674944 -2.34674944 -2.34674944 -2.34674944 -2.34674944 -2.34674944
 -2.34674944 -2.34674944 -2.34674944 -2.34674944 -2.34674944 -2.34674944
 -2.34674944 -2.34674944 -2.34674944 -2.34674944 -2.34674944 -2.34674944
 -2.34674944 -2.34674944 -2.34674944 -2.34674944 -2.34674944 -2.34674944
 -2.34674944 -2.34674944 -2.34674944 -2.34674944 -2.34674944 -2.34674944
 -2.34674944 -2.34674944 -2.34674944 -2.34674944 -2.34674944 -2.34674944
 -2.34674944 -2.34674944 -2.34674944 -2.34674944 -2.34674944 -2.34674944
 -2.34674944 -2.34674944 -2.34674944 -2.34674944 -2.34674944 -2.34674944
 -2.34674944 -2.34674944 -2.34674944 -2.34674944 -2.34674944 -2.34674944
 -2.34674944 -2.34674944 -2.34674944 -2.34674944 -2.34674944 -2.34674944
 -2.34674944 -2.34674944 -2.34674944 -2.34674944 -2.34674944 -2.34674944
 -2.34674944 -2.34674944 -2.34674944 -2.34674944 -2.34674944 -2.34674944
 -2.34674944 -2.34674944 -2.34674944 -2.34674944 -2.34674944 -2.34674944
 -2.34674944 -2.34674944 -2.34674944 -2.34674944 -2.34674944 -2.34674944
 -2.34674944 -2.34674944 -2.34674944 -2.34674944 -2.34674944 -2.34674944
 -2.34674944 -2.34674944 -2.34674944 -2.34674944 -2.34674944 -2.34674944
 -2.34674944 -2.34674944 -2.34674944 -2.34674944 -2.34674944 -2.34674944
 -2.34674944 -2.34674944 -2.34674944 -2.34674944 -2.34674944 -2.34674944
 -2.34674944 -2.34674944 -2.34674944 -2.34674944 -2.34674944 -2.34674944
 -2.34674944 -2.34674944 -2.34674944 -2.34674944 -2.34674944 -2.34674944
 -2.34674944 -2.34674944 -2.34674944 -2.34674944 -2.34674944 -2.34674944
 -2.34674944 -2.34674944 -2.34674944 -2.34674944 -2.34674944 -2.34674944
 -2.34674944 -2.34674944 -2.34674944 -2.34674944 -2.34674944 -2.34674944
 -2.34674944 -2.34674944 -2.34674944 -2.34674944 -2.34674944 -2.34674944
 -2.34674944 -2.34674944 -2.34674944 -2.34674944 -2.34674944 -2.34674944
 -2.34674944 -2.34674944 -2.34674944 -2.34674944 -2.34674944 -2.34674944
 -2.34674944 -2.34674944 -2.34674944 -2.34674944 -2.34674944 -2.34674944
 -2.34674944 -2.34674944 -2.34674944 -2.34674944 -2.34674944 -2.34674944
 -2.34674944 -2.34674944 -2.34674944 -2.34674944 -2.34674944 -2.34674944
 -2.34674944 -2.34674944 -2.34674944 -2.34674944 -2.34674944 -2.34674944
 -2.34674944 -2.34674944 -2.34674944 -2.34674944 -2.34674944 -2.34674944
 -2.34674944 -2.34674944 -2.34674944 -2.34674944 -2.34674944 -2.34674944
 -2.34674944 -2.34674944 -2.34674944 -2.34674944 -2.34674944 -2.34674942
 -2.34674983 -2.34675018 -2.34674881 -2.34674728 -2.34675937 -2.34669502
 -2.34700709 -2.34553918 -2.3524335  -2.32003959]
Solver Message: CONVERGENCE: RELATIVE REDUCTION OF F <= FACTR*EPSMCH







Problem name: EXPLIN
Number of variables: 1200
Number of constraints: 0
Upper Objective Bound: [10. 10. 10. ... 10. 10. 10.]
Lower Objective Bound: [0. 0. 0. ... 0. 0. 0.]
Initial guess: [0. 0. 0. ... 0. 0. 0.]
Objective Value (initial guess): 100.0
Gradient (initial guess): [-1.000e+01 -2.000e+01 -3.000e+01 ... -1.198e+04 -1.199e+04 -1.200e+04]
Hessian (initial guess): [[0.  0.1 0.  ... 0.  0.  0. ]
 [0.1 0.  0.1 ... 0.  0.  0. ]
 [0.  0.1 0.  ... 0.  0.  0. ]
 ...
 [0.  0.  0.  ... 0.  0.  0. ]
 [0.  0.  0.  ... 0.  0.  0. ]
 [0.  0.  0.  ... 0.  0.  0. ]]
Solution: [ 7.08949319  4.27209995  5.8222571  ... 10.         10.
 10.        ]
Solver Message: CONVERGENCE: RELATIVE REDUCTION OF F <= FACTR*EPSMCH







Problem name: PALMER5B
Number of variables: 9
Number of constraints: 0
Upper Objective Bound: [1.e+20 1.e+20 1.e+20 1.e+20 1.e+20 1.e+20 1.e+20 1.e+20 1.e+20]
Lower Objective Bound: [-1.e+20 -1.e+20 -1.e+20 -1.e+20 -1.e+20 -1.e+20 -1.e+20  1.e-05  1.e-05]
Initial guess: [1. 1. 1. 1. 1. 1. 1. 1. 1.]
Objective Value (initial guess): 119801.07594273887
Gradient (initial guess): [   416.1331783    2085.48436335   4819.28867563  11127.52184464
  26069.71733925  61849.7618012  148154.58015993   -202.97811322
    374.18012052]
Hessian (initial guess): [[ 2.40000000e+01  2.33251462e+01  3.75406218e+01  6.94452473e+01
   1.39039583e+02  2.93874599e+02  6.46034368e+02  1.44035666e+01
  -1.00868561e+01]
 [ 2.33251462e+01  3.75406219e+01  6.94452474e+01  1.39039583e+02
   2.93874599e+02  6.46034368e+02  1.46200050e+03  9.59643340e+00
  -4.31671054e+00]
 [ 3.75406218e+01  6.94452474e+01  1.39039583e+02  2.93874599e+02
   6.46034368e+02  1.46200050e+03  3.38053662e+03  1.37287128e+01
  -5.27972286e+00]
 [ 6.94452473e+01  1.39039583e+02  2.93874599e+02  6.46034369e+02
   1.46200050e+03  3.38053662e+03  7.94281528e+03  2.38119090e+01
  -8.44898997e+00]
 [ 1.39039583e+02  2.93874599e+02  6.46034368e+02  1.46200050e+03
   3.38053663e+03  7.94281529e+03  1.88862257e+04  4.56333384e+01
  -1.53629190e+01]
 [ 2.93874599e+02  6.46034368e+02  1.46200050e+03  3.38053662e+03
   7.94281529e+03  1.88862257e+04  4.53096577e+04  9.34062449e+01
  -3.02704193e+01]
 [ 6.46034368e+02  1.46200050e+03  3.38053662e+03  7.94281528e+03
   1.88862257e+04  4.53096577e+04  1.09431935e+05  2.00468354e+02
  -6.31358255e+01]
 [ 1.44035666e+01  9.59643340e+00  1.37287128e+01  2.38119090e+01
   4.56333384e+01  9.34062449e+01  2.00468354e+02  1.00868561e+01
   3.66251503e+02]
 [-1.00868561e+01 -4.31671054e+00 -5.27972286e+00 -8.44898997e+00
  -1.53629190e+01 -3.02704193e+01 -6.31358255e+01  3.66251503e+02
  -8.12025543e+02]]
Solution: [-10.27296773 -22.37429158 -11.83860198   8.60112138  16.52529835
 -12.32942776   2.60677928  48.27770074   0.51415412]
Solver Message: CONVERGENCE: RELATIVE REDUCTION OF F <= FACTR*EPSMCH







